2704
2707
2719
2755
2795
2798
2801
2804
2810
2882
2885
2888
2891
2956
2959
2967
3020
3023
3079
3288
3295
3299
3303
3311
3315
3318
3319
3322
3323
3326
3441
3445
3449
3452
3453
3456
3460
3461
3464
3465
3468
3469
3571
3579
3586
3587
3590
3591
3594
3595
3685
3689
3696
3697
3700
3701
3704
3705
3760
3787
3794
3795
3799
3865
3869
3873
3877
3935
3939
3981
3985
4015
4600
4603
4606
4609
4612
4684
4690
4752
4758
4761
4764
4822
4825
4922
5086
5094
5097
5098
5101
5102
5105
5106
5109
5110
5113
5114
5216
5223
5224
5227
5228
5231
5232
5235
5236
5239
5240
5330
5334
5338
5341
5342
5345
5346
5349
5350
5428
5432
5436
5439
5440
5443
5444
5510
5518
5576
5580
5584
5626
5630
5660
6141
6144
6147
6153
6215
6218
6221
6224
6279
6282
6285
6345
6382
6539
6542
6543
6546
6547
6550
6551
6554
6555
6558
6559
6649
6653
6656
6657
6660
6661
6664
6665
6668
6669
6747
6751
6754
6755
6758
6759
6762
6763
6810
6829
6833
6837
6841
6880
6899
6903
6945
6949
7366
7369
7372
7378
7433
7436
7439
7495
7536
7678
7681
7682
7685
7686
7689
7690
7693
7694
7697
7698
7776
7780
7784
7787
7788
7791
7792
7843
7858
7862
7866
7870
7909
7924
7928
7932
7974
8008
8314
8317
8320
8323
8551
8555
8558
8559
8562
8563
8566
8567
8633
8637
8641
8645
8699
8703
8707
8749
8753
8783
9029
9190
9194
9198
9202
9256
9260
9264
9306
9310
9340
9631
9635
9639
9681
9685
9715
9910
9914
9944
14395
14398
14401
14404
14407
14410
14485
14488
14491
14550
14556
14559
14562
14620
14623
14720
14884
14887
14888
14891
14892
14896
14899
14900
14903
14904
14907
14908
14911
14912
15014
15021
15022
15025
15026
15029
15030
15033
15034
15037
15038
15128
15132
15136
15139
15140
15143
15144
15147
15148
15226
15230
15234
15242
15308
15312
15316
15320
15374
15382
15424
15458
15939
15942
15945
15948
15951
16010
16013
16016
16019
16022
16077
16080
16083
16180
16333
16337
16340
16341
16344
16345
16348
16349
16352
16353
16356
16357
16447
16451
16454
16455
16458
16459
16462
16463
16466
16467
16545
16548
16552
16553
16557
16560
16561
16608
16627
16631
16635
16639
16678
16693
16697
16701
16743
16747
16777
17164
17167
17170
17176
17228
17231
17237
17293
17334
17476
17479
17480
17483
17484
17487
17488
17491
17492
17495
17496
17574
17577
17578
17581
17582
17585
17586
17589
17590
17641
17656
17664
17668
17707
17722
17726
17730
17772
17776
18112
18115
18118
18121
18349
18353
18356
18357
18360
18361
18364
18365
18431
18435
18439
18443
18497
18501
18505
18547
18551
18581
18827
18988
18992
18996
19000
19054
19058
19062
19104
19108
19138
19429
19433
19437
19479
19483
19513
19708
19712
19742
19861
23193
23196
23199
23202
23205
23208
23270
23273
23276
23279
23331
23334
23337
23340
23400
23437
23590
23594
23598
23601
23602
23605
23606
23609
23610
23613
23614
23704
23708
23711
23712
23715
23716
23719
23720
23723
23724
23806
23809
23810
23813
23814
23817
23818
23865
23888
23892
23896
23935
23950
23958
24000
24034
24421
24424
24427
24430
24433
24485
24488
24491
24494
24550
24591
24733
24736
24737
24740
24741
24744
24745
24748
24749
24752
24753
24831
24834
24835
24838
24839
24842
24843
24846
24847
24898
24913
24921
24925
24964
24987
25029
25033
25369
25372
25375
25378
25606
25610
25613
25614
25617
25618
25621
25622
25688
25692
25696
25700
25754
25758
25762
25804
25808
25838
26084
26245
26249
26253
26257
26311
26315
26319
26361
26365
26395
26686
26690
26694
26736
26740
26770
26965
26969
26999
27118
29620
29623
29626
29629
29632
29681
29684
29687
29690
29693
29749
29932
29936
29939
29940
29943
29944
29947
29948
29951
29952
30030
30033
30034
30037
30038
30041
30042
30045
30046
30097
30116
30120
30124
30178
30182
30186
30228
30232
30565
30568
30571
30574
30577
30804
30808
30809
30812
30813
30816
30817
30820
30821
30872
30887
30891
30895
30899
30953
30957
30961
31003
31007
31037
31444
31448
31452
31456
31510
31514
31518
31560
31564
31594
31885
31889
31893
31935
31939
32164
32168
32198
32317
34138
34141
34144
34147
34150
34378
34382
34385
34386
34389
34390
34393
34394
34460
34464
34468
34472
34526
34530
34534
34576
34580
34610
35017
35021
35025
35029
35083
35087
35091
35133
35137
35167
35458
35462
35466
35508
35512
35542
35737
35741
35771
35890
37345
37349
37353
37357
37411
37415
37419
37461
37465
37495
37786
37790
37794
37836
37840
37870
38065
38099
38218
39199
39203
39207
39249
39253
39283
39482
39512
503666
503681
503698
503760
503763
503769
503772
503847
503850
503853
503918
503921
503924
503929
503982
503985
504257
504261
504265
504269
504272
504273
504277
504284
504285
504288
504289
504403
504407
504410
504411
504415
504418
504419
504422
504423
504426
504427
504430
504431
504519
504533
504537
504541
504544
504545
504552
504553
504556
504557
504620
504633
504647
504651
504655
504659
504662
504663
504666
504667
504745
504749
504753
504756
504757
504760
504761
504827
504831
504835
504839
504893
504897
504901
504943
504947
505562
505568
505571
505574
505599
505646
505649
505652
505655
505683
505684
505723
505726
505750
505751
505784
505787
505807
505808
505855
505892
505919
505936
506034
506048
506052
506056
506060
506063
506064
506068
506071
506072
506075
506076
506171
506172
506178
506182
506185
506186
506190
506194
506197
506198
506201
506202
506285
506286
506292
506296
506300
506304
506307
506308
506311
506312
506383
506384
506390
506394
506398
506402
506405
506406
506465
506472
506476
506484
506531
506538
506542
506546
506581
506592
506615
506622
507097
507100
507103
507106
507109
507112
507115
507119
507123
507127
507128
507131
507132
507135
507136
507139
507140
507143
507144
507174
507177
507180
507183
507186
507194
507198
507199
507202
507203
507206
507207
507235
507238
507241
507244
507247
507251
507255
507259
507263
507264
507303
507307
507311
507344
507348
507375
507466
507470
507474
507475
507478
507479
507482
507483
507486
507487
507490
507491
507497
507501
507504
507505
507508
507509
507512
507513
507516
507517
507520
507521
507588
507592
507593
507596
507597
507600
507601
507615
507618
507619
507622
507623
507626
507627
507630
507631
507686
507690
507694
507698
507699
507709
507713
507717
507720
507721
507724
507725
507772
507776
507780
507791
507795
507799
507803
507846
507861
507865
507896
507907
507911
507941
508325
508328
508334
508337
508340
508344
508348
508352
508353
508356
508357
508360
508361
508389
508392
508395
508398
508401
508405
508409
508413
508414
508417
508418
508461
508465
508498
508502
508529
508613
508617
508621
508622
508625
508626
508629
508630
508640
508644
508647
508648
508651
508652
508655
508656
508659
508660
508715
508719
508723
508724
508727
508728
508738
508742
508745
508746
508749
508750
508753
508754
508801
508805
508809
508820
508824
508828
508832
508871
508875
508886
508890
508894
508925
508936
508940
508970
509273
509276
509279
509282
509285
509289
509293
509294
509297
509298
509301
509302
509349
509382
509386
509413
509490
509494
509495
509498
509499
509502
509503
509513
509516
509517
509520
509521
509524
509525
509528
509529
509576
509580
509584
509595
509599
509603
509607
509646
509650
509661
509665
509669
509700
509711
509995
509999
510032
510036
510063
510133
510137
510141
510152
510156
510160
510164
510203
510207
510218
510222
510226
510257
510268
510272
510593
510597
510601
510643
510647
510677
510872
510876
511025
583973
583986
584010
584055
584058
584061
584064
584139
584142
584145
584210
584213
584216
584221
584225
584277
584293
590066
590072
596670
596673
596676
601351
601354
604517
604520
604523
606549
607744
608378
652660
663754
663757
663760
663763
663838
663841
663844
663912
663915
663973
663976
668208
668211
668214
668217
672886
672889
672892
672895
676058
676061
676064
678087
678090
679285
679288
680299
716291
716294
716297
716300
716362
716365
716368
716371
716423
716426
716429
716432
719429
719432
719435
722598
722601
722604
724627
724630
725825
726459
749244
749247
749250
749253
749305
749308
749311
749314
751350
751353
751356
753379
753382
753385
754577
754580
754583
762918
768685
768688
768691
768694
770019
770022
770025
771217
771220
780056
780059
780687
780690
863579
863585
863593
863597
863601
863605
863609
863612
863613
863617
863731
863739
863743
863746
863747
863751
863754
863755
863758
863759
863861
863865
863869
863873
863876
863877
863880
863881
863884
863885
863961
863975
863979
863987
863990
863991
863994
863995
864059
864073
864077
864081
864085
864088
864089
864155
864159
864163
864167
864221
864225
864229
864271
864275
864305
883583
920271
939765
939769
939777
939781
939789
939793
939796
939797
945569
946804
947759
948470
957166
957170
957174
957178
957182
957185
957186
957189
957190
957193
957194
961373
962328
963039
963542
969471
969475
969479
969487
969490
969491
969494
969495
972403
973114
977788
977792
977796
977803
977804
977807
977808
979731
983093
983097
983100
983101
983104
983105
984293
986210
986214
986218
986889
987851
987855
987858
1085918
1085922
1085926
1085929
1085930
1085934
1085937
1085938
1085941
1085942
1085945
1085946
1086048
1086052
1086056
1086060
1086063
1086064
1086067
1086068
1086071
1086072
1086162
1086166
1086170
1086174
1086177
1086178
1086181
1086182
1086260
1086264
1086268
1086271
1086272
1086275
1086342
1086346
1086350
1086354
1086408
1086412
1086416
1086458
1086462
1086492
1137332
1137336
1137340
1137343
1137344
1137347
1137348
1137352
1137355
1137356
1137359
1137360
1141539
1143205
1149637
1149641
1149645
1149649
1149652
1149653
1149656
1149657
1149660
1149661
1152569
1153783
1157954
1157958
1157962
1157965
1157966
1157969
1157970
1157973
1157974
1159897
1163255
1163259
1163262
1163263
1163266
1163267
1163270
1163271
1164459
1166376
1166380
1166384
1166387
1166388
1168017
1168349
1168979
1232041
1232045
1232049
1232053
1232056
1232057
1232060
1232061
1232064
1232065
1232155
1232159
1232163
1232166
1232167
1232170
1232171
1232174
1232175
1232257
1232260
1232261
1232264
1232265
1232268
1232269
1232335
1232339
1232343
1232347
1232401
1232405
1232409
1232451
1232455
1232485
1265257
1265261
1265265
1265268
1265269
1265272
1265273
1265276
1265277
1265280
1265281
1268189
1268900
1269403
1273574
1273578
1273581
1273582
1273585
1273586
1273589
1273590
1273593
1273594
1275517
1276020
1278875
1278879
1278883
1278886
1278887
1278890
1278891
1281996
1282000
1282007
1282008
1283637
1283644
1284366
1323474
1323478
1323482
1323485
1323486
1323489
1323490
1323493
1323494
1323572
1323575
1323576
1323579
1323580
1323583
1323584
1323587
1323588
1323654
1323658
1323662
1323666
1323720
1323724
1323728
1323770
1323774
1323804
1334523
1343788
1343792
1343796
1343799
1343800
1343803
1343804
1343807
1343808
1345731
1346234
1349089
1349093
1349096
1349097
1349100
1349101
1349104
1352214
1352217
1352218
1352889
1377244
1377245
1377248
1377249
1377252
1377253
1377256
1377257
1377323
1377327
1377331
1377335
1377389
1377393
1377397
1377439
1377443
1377473
1388812
1388813
1388816
1388817
1388820
1388821
1388825
1388828
1388829
1391934
1391937
1391938
1391941
1391945
1406391
1406398
1406402
1406406
1406464
1406468
1406472
1406514
1406518
1406548
1412388
1412391
1412392
1412395
1412396
1412399
1412400
1414028
1414029
1414032
1414033
1420561
1420565
1420569
1420611
1420615
1423273
1423990
1424227
1426434
1426438
1427424
1427657
1428337
1428581
1429078
1429087
1429093
1429168
1429171
1429174
1429239
1429242
1429245
1429306
1429567
1429571
1429575
1429579
1429582
1429583
1429586
1429587
1429591
1429594
1429595
1429697
1429705
1429709
1429713
1429716
1429717
1429720
1429721
1429811
1429815
1429819
1429823
1429826
1429827
1429830
1429831
1429909
1429913
1429917
1429921
1429924
1429925
1429991
1429995
1429999
1430003
1430057
1430065
1430107
1430111
1430141
1430625
1430628
1430631
1430634
1430696
1430699
1430702
1430705
1430763
1430766
1431016
1431020
1431024
1431027
1431028
1431031
1431032
1431035
1431036
1431039
1431040
1431130
1431134
1431137
1431138
1431142
1431145
1431146
1431149
1431150
1431228
1431232
1431235
1431236
1431239
1431240
1431243
1431244
1431310
1431314
1431318
1431322
1431376
1431380
1431384
1431426
1431430
1431460
1431844
1431847
1431850
1431853
1431856
1431859
1431863
1431871
1431872
1431875
1431876
1431879
1431880
1431883
1431884
1431908
1431914
1431920
1431924
1431925
1431940
1431941
1431976
1431988
1432017
1432025
1432048
1432052
1432069
1432132
1432136
1432140
1432141
1432144
1432145
1432148
1432149
1432152
1432153
1432159
1432163
1432166
1432167
1432170
1432171
1432174
1432175
1432178
1432179
1432234
1432235
1432250
1432251
1432256
1432257
1432261
1432264
1432265
1432268
1432269
1432272
1432273
1432320
1432332
1432339
1432343
1432347
1432351
1432390
1432398
1432405
1432409
1432413
1432444
1432448
1432455
1432459
1432482
1432489
1432792
1432795
1432798
1432801
1432804
1432808
1432809
1432812
1432813
1432816
1432817
1432820
1432821
1432824
1432825
1432860
1432872
1432901
1432909
1432932
1432936
1432953
1433009
1433010
1433013
1433014
1433017
1433018
1433021
1433022
1433025
1433026
1433031
1433032
1433035
1433036
1433039
1433040
1433043
1433044
1433047
1433048
1433095
1433107
1433114
1433118
1433122
1433126
1433165
1433173
1433180
1433184
1433188
1433219
1433223
1433230
1433234
1433257
1433264
1433514
1433518
1433522
1433551
1433559
1433582
1433586
1433603
1433652
1433656
1433660
1433664
1433671
1433675
1433679
1433683
1433722
1433730
1433737
1433741
1433745
1433776
1433780
1433787
1433791
1433814
1433821
1434112
1434116
1434120
1434162
1434166
1434196
1434391
1434395
1434425
1434544
1483731
1483743
1483746
1483821
1483824
1483827
1483895
1483898
1483956
1483959
1488188
1488191
1488194
1488197
1488200
1492869
1492872
1492875
1492878
1496041
1496044
1496047
1498070
1498073
1499268
1499271
1499905
1530498
1536274
1536277
1536280
1536283
1536351
1536354
1536412
1536415
1539412
1539415
1539418
1542578
1542581
1542584
1542587
1544607
1544610
1544613
1545808
1545811
1546442
1546445
1569227
1569230
1569233
1569236
1569291
1569294
1569297
1571333
1571336
1571339
1571342
1573362
1573368
1574563
1574566
1588668
1588671
1588674
1588677
1590005
1590008
1591200
1591203
1591206
1591837
1592123
1600033
1600036
1600039
1600042
1600670
1601053
1659023
1659027
1659031
1659034
1659035
1659038
1659039
1659043
1659046
1659047
1659050
1659051
1659153
1659161
1659165
1659168
1659169
1659172
1659173
1659176
1659177
1659267
1659271
1659275
1659279
1659282
1659283
1659286
1659287
1659365
1659369
1659373
1659376
1659377
1659380
1659447
1659451
1659455
1659459
1659513
1659517
1659521
1659563
1659567
1659597
1697151
1710437
1710441
1710445
1710449
1710452
1710453
1710456
1710457
1710460
1710461
1710464
1710465
1714644
1715599
1722742
1722746
1722750
1722754
1722757
1722758
1722761
1722762
1722765
1722766
1725674
1726385
1726888
1731059
1731063
1731067
1731070
1731071
1731074
1731075
1731078
1731079
1733002
1736360
1736364
1736367
1736368
1736371
1736372
1736376
1737564
1739481
1739485
1739488
1739489
1739492
1739493
1740160
1741122
1741129
1741130
1741454
1805146
1805150
1805154
1805158
1805161
1805162
1805165
1805166
1805169
1805170
1805260
1805264
1805267
1805268
1805271
1805272
1805275
1805276
1805279
1805280
1805358
1805362
1805366
1805370
1805373
1805374
1805440
1805444
1805448
1805452
1805506
1805510
1805556
1805560
1805590
1838362
1838366
1838370
1838373
1838374
1838377
1838378
1838381
1838382
1838385
1838386
1841294
1842005
1846679
1846683
1846687
1846690
1846691
1846694
1846695
1846698
1846699
1848622
1849125
1851980
1851984
1851988
1851991
1851992
1851995
1851996
1855101
1855105
1855108
1855109
1855112
1855975
1856742
1856746
1856749
1856750
1857467
1857471
1857704
1896579
1896583
1896587
1896590
1896591
1896594
1896595
1896598
1896599
1896681
1896684
1896685
1896688
1896689
1896692
1896693
1896759
1896763
1896767
1896771
1896825
1896829
1896833
1896875
1896879
1896909
1916893
1916897
1916901
1916904
1916905
1916908
1916909
1916912
1916913
1918836
1919339
1922194
1922198
1922201
1922202
1922205
1922206
1922209
1922210
1923398
1925315
1925319
1925322
1925323
1925326
1925327
1926964
1950346
1950349
1950350
1950353
1950354
1950357
1950358
1950361
1950362
1950428
1950432
1950436
1950440
1950494
1950502
1950544
1950548
1950578
1961917
1961918
1961921
1961922
1961925
1961926
1961929
1961930
1961933
1961934
1963122
1965039
1965042
1965043
1965046
1965047
1965050
1965051
1965718
1966679
1966683
1967409
1979503
1979507
1979511
1979515
1979569
1979573
1979577
1979619
1979623
1979653
1985492
1985493
1985496
1985500
1985501
1985504
1985505
1986172
1987134
1987141
1987142
1987862
1987863
1988095
1988096
1993666
1993670
1993674
1993716
1993720
1993750
1996374
1996378
1997095
1997099
1997332
1999539
1999543
1999573
2000529
2000762
2001442
2001686
2002129
2002132
2002135
2002138
2002141
2002206
2002209
2002212
2002270
2002273
2002523
2002527
2002530
2002531
2002534
2002535
2002538
2002539
2002542
2002543
2002546
2002547
2002637
2002641
2002644
2002645
2002649
2002652
2002653
2002656
2002657
2002735
2002739
2002743
2002746
2002747
2002750
2002751
2002817
2002821
2002825
2002829
2002883
2002887
2002891
2002933
2002967
2003357
2003360
2003363
2003366
2003421
2003424
2003427
2003666
2003669
2003670
2003674
2003677
2003678
2003681
2003682
2003685
2003686
2003764
2003768
2003771
2003772
2003775
2003776
2003779
2003780
2003846
2003850
2003854
2003858
2003912
2003916
2003920
2003962
2003966
2003996
2004299
2004302
2004305
2004308
2004311
2004538
2004539
2004542
2004543
2004546
2004547
2004550
2004551
2004554
2004555
2004621
2004625
2004629
2004633
2004687
2004691
2004695
2004737
2004741
2004771
2005017
2005021
2005178
2005182
2005186
2005190
2005244
2005248
2005252
2005294
2005298
2005328
2005619
2005623
2005627
2005669
2005673
2005703
2005898
2005902
2005932
2006051
2037835
2037838
2037841
2037844
2037847
2037909
2037912
2037915
2037918
2037970
2037973
2037976
2037979
2040970
2040973
2040976
2040979
2040982
2044145
2044148
2044151
2046174
2046177
2047372
2047375
2048009
2070791
2070794
2070797
2070800
2070855
2070858
2070861
2072897
2072900
2072903
2072906
2074926
2074932
2076127
2076130
2077047
2090232
2090235
2090238
2090241
2091566
2091569
2091572
2092767
2093401
2093404
2101597
2101600
2101603
2101606
2102234
2102237
2102617
2142529
2142533
2142537
2142540
2142541
2142544
2142545
2142548
2142549
2142552
2142553
2142643
2142647
2142651
2142654
2142655
2142658
2142659
2142662
2142663
2142741
2142745
2142748
2142749
2142752
2142753
2142756
2142757
2142823
2142827
2142831
2142835
2142889
2142893
2142897
2142939
2142943
2142973
2175745
2175749
2175753
2175756
2175757
2175760
2175761
2175764
2175765
2175768
2175769
2178677
2184062
2184066
2184070
2184073
2184074
2184077
2184078
2184081
2184082
2186005
2186508
2186839
2189363
2189367
2189371
2189374
2189375
2189378
2189379
2190567
2192488
2192491
2192495
2192496
2194125
2194129
2194132
2194457
2233962
2233966
2233970
2233973
2233974
2233977
2233978
2233981
2233982
2234060
2234064
2234067
2234068
2234071
2234072
2234075
2234076
2234142
2234146
2234150
2234154
2234208
2234212
2234216
2234258
2234262
2234292
2254276
2254280
2254284
2254287
2254291
2254292
2254295
2254296
2256219
2256722
2259577
2259581
2259584
2259585
2259588
2259589
2259592
2259593
2262706
2262709
2262710
2264339
2264342
2264346
2287729
2287732
2287733
2287736
2287737
2287740
2287741
2287745
2287815
2287819
2287823
2287877
2287881
2287885
2287927
2287931
2287961
2299300
2299304
2299305
2299308
2299309
2299312
2299313
2299316
2299317
2300505
2302422
2302425
2302426
2302429
2302430
2302433
2302434
2304062
2304066
2304067
2304071
2304791
2304792
2316886
2316890
2316894
2316898
2316952
2316956
2316960
2317002
2317006
2317036
2322876
2322879
2322880
2322883
2322884
2322887
2322888
2323555
2324524
2324525
2325245
2325246
2325479
2331049
2331053
2331057
2331103
2331133
2333753
2333757
2333761
2334478
2334482
2334715
2336922
2336926
2336956
2337912
2338145
2338825
2339069
2339463
2339466
2339469
2339472
2339527
2339530
2339533
2339772
2339775
2339776
2339779
2339780
2339783
2339784
2339787
2339788
2339791
2339792
2339870
2339874
2339877
2339878
2339881
2339882
2339885
2339886
2339952
2339956
2339960
2339964
2340018
2340022
2340026
2340068
2340072
2340102
2340408
2340411
2340414
2340417
2340645
2340648
2340649
2340652
2340653
2340656
2340657
2340660
2340661
2340727
2340731
2340735
2340739
2340793
2340797
2340801
2340843
2340847
2340877
2341284
2341288
2341292
2341296
2341350
2341354
2341358
2341400
2341404
2341434
2341725
2341729
2341733
2341775
2341779
2341809
2342004
2342008
2342038
2342157
2361634
2361637
2361640
2361643
2361701
2361704
2363740
2363743
2363746
2363749
2365769
2365772
2365775
2366970
2366973
2367984
2381075
2381078
2381081
2381084
2382406
2382409
2382412
2382415
2383610
2384247
2384530
2392440
2392443
2392446
2393077
2393083
2393460
2420542
2420546
2420549
2420550
2420553
2420554
2420557
2420558
2420561
2420562
2420640
2420644
2420647
2420648
2420651
2420652
2420655
2420656
2420722
2420726
2420730
2420734
2420788
2420796
2420838
2420842
2420872
2440856
2440860
2440864
2440867
2440868
2440871
2440872
2440875
2440876
2442799
2446157
2446164
2446165
2446168
2446169
2446172
2446173
2447361
2449278
2449282
2449285
2449286
2449289
2449290
2450926
2451881
2474308
2474309
2474312
2474313
2474316
2474317
2474320
2474321
2474324
2474325
2474391
2474395
2474403
2474457
2474461
2474465
2474507
2474511
2485881
2485884
2485885
2485888
2485889
2485892
2485893
2485896
2485897
2489002
2489006
2489009
2489010
2489013
2489014
2490642
2490643
2490646
2490647
2490650
2490651
2491368
2491371
2503466
2503470
2503532
2503536
2503540
2503582
2503586
2503616
2509455
2509459
2509460
2509463
2509464
2509467
2509468
2510135
2511097
2511104
2511825
2511826
2512059
2517633
2517637
2517679
2517683
2517713
2520341
2521058
2521062
2521295
2523502
2523536
2524488
2524492
2524725
2525405
2525649
2526002
2526005
2526233
2526237
2526240
2526241
2526244
2526245
2526248
2526249
2526315
2526319
2526323
2526327
2526381
2526385
2526389
2526431
2526435
2526465
2526872
2526876
2526880
2526884
2526938
2526942
2526946
2526988
2526992
2527022
2527313
2527317
2527321
2527363
2527367
2527397
2527592
2527596
2527626
2527745
2538903
2538906
2538909
2540231
2540234
2540237
2540240
2541432
2541435
2541438
2542066
2550265
2550268
2550271
2550274
2550902
2550905
2550908
2551188
2569642
2569646
2569649
2569650
2569653
2569654
2569657
2569658
2569724
2569728
2569732
2569736
2569790
2569794
2569798
2569840
2569844
2569874
2581214
2581217
2581218
2581221
2581222
2581225
2581226
2581229
2581230
2582418
2584335
2584338
2584342
2584346
2584347
2585014
2585979
2585980
2585983
2585984
2586701
2586938
2598799
2598803
2598807
2598811
2598865
2598869
2598873
2598915
2598919
2598949
2604788
2604789
2604792
2604793
2604796
2604797
2604800
2604801
2606429
2606433
2606434
2606437
2606438
2607155
2607159
2607392
2612966
2612970
2613012
2613016
2613046
2615666
2615670
2616395
2616628
2618869
2619825
2620058
2620982
2621462
2621466
2621470
2621474
2621528
2621532
2621536
2621578
2621582
2621612
2621903
2621907
2621911
2621953
2621957
2621987
2622182
2622186
2622216
2622335
2628964
2628967
2629595
2629598
2629601
2629978
2642728
2642732
2642736
2642740
2642794
2642798
2642802
2642844
2642848
2642878
2648718
2648722
2648726
2648729
2648730
2650358
2650362
2650366
2650367
2651084
2651087
2651088
2651321
2656891
2656895
2656899
2656941
2656945
2656975
2659599
2659603
2660324
2662764
2662798
2663750
2663754
2663987
2665302
2665306
2665310
2665352
2665356
2665386
2665581
2665585
2665615
2665734
2674481
2674485
2674489
2674531
2674535
2674565
2677193
2677517
2677910
2677914
2678147
2680354
2680358
2680388
2681340
2681344
2681577
2682257
2682501
2682818
2682822
2682852
2682971
2686112
2686116
2686146
2687102
2687335
2688015
2688259
2688517
2689395
2689639
2692180
2692183
2692186
2692189
2692192
2692195
2692220
2692267
2692270
2692273
2692276
2692304
2692305
2692335
2692341
2692344
2692347
2692371
2692372
2692405
2692408
2692420
2692428
2692429
2692468
2692513
2692540
2692557
2692655
2692669
2692673
2692677
2692680
2692681
2692684
2692685
2692689
2692692
2692693
2692696
2692697
2692776
2692792
2692793
2692799
2692802
2692803
2692806
2692807
2692810
2692811
2692814
2692815
2692818
2692819
2692906
2692907
2692913
2692916
2692917
2692920
2692921
2692925
2692928
2692929
2693004
2693005
2693011
2693015
2693019
2693022
2693023
2693086
2693093
2693097
2693101
2693152
2693159
2693163
2693202
2693209
2693236
2693721
2693724
2693727
2693730
2693733
2693736
2693744
2693748
2693749
2693752
2693753
2693756
2693757
2693760
2693761
2693792
2693795
2693798
2693801
2693804
2693807
2693811
2693815
2693819
2693820
2693823
2693824
2693827
2693828
2693856
2693859
2693862
2693865
2693868
2693872
2693876
2693880
2693884
2693885
2693932
2693969
2693996
2694091
2694095
2694096
2694099
2694100
2694103
2694104
2694107
2694108
2694141
2694142
2694205
2694209
2694213
2694214
2694217
2694218
2694221
2694222
2694232
2694251
2694252
2694307
2694311
2694315
2694319
2694320
2694345
2694346
2694393
2694397
2694401
2694424
2694463
2694467
2694486
2694517
2694532
2694562
2694946
2694949
2694955
2694958
2694961
2694965
2694969
2694973
2694974
2694977
2694978
2694981
2694982
2695010
2695013
2695016
2695019
2695022
2695026
2695030
2695034
2695035
2695038
2695039
2695082
2695086
2695123
2695150
2695234
2695238
2695242
2695243
2695246
2695247
2695250
2695251
2695280
2695281
2695336
2695340
2695344
2695345
2695348
2695349
2695374
2695375
2695422
2695426
2695430
2695453
2695492
2695496
2695515
2695546
2695561
2695591
2695894
2695897
2695900
2695903
2695906
2695910
2695914
2695915
2695918
2695919
2695922
2695923
2695970
2696007
2696034
2696111
2696115
2696116
2696119
2696120
2696123
2696124
2696149
2696150
2696197
2696201
2696205
2696228
2696267
2696271
2696290
2696321
2696336
2696366
2696616
2696620
2696653
2696657
2696684
2696754
2696758
2696762
2696785
2696824
2696828
2696847
2696878
2696893
2696923
2697222
2697268
2697298
2697497
2697527
2700978
2700981
2700984
2700987
2700990
2700993
2701021
2701022
2701049
2701052
2701055
2701058
2701061
2701064
2701068
2701072
2701076
2701077
2701080
2701081
2701084
2701085
2701113
2701116
2701119
2701122
2701125
2701129
2701133
2701137
2701141
2701142
2701189
2701226
2701253
2701368
2701369
2701374
2701375
2701379
2701382
2701383
2701386
2701387
2701390
2701391
2701394
2701395
2701462
2701470
2701471
2701474
2701475
2701478
2701479
2701489
2701508
2701509
2701564
2701568
2701572
2701576
2701577
2701602
2701603
2701650
2701654
2701658
2701681
2701720
2701724
2701743
2701774
2701789
2701819
2702203
2702206
2702209
2702212
2702215
2702218
2702222
2702226
2702230
2702231
2702234
2702235
2702238
2702239
2702267
2702273
2702276
2702279
2702283
2702407
2702491
2702495
2702499
2702500
2702503
2702504
2702507
2702508
2702537
2702538
2702593
2702597
2702619
2702620
2702623
2702624
2702627
2702628
2702631
2702632
2702679
2702702
2702706
2702710
2702749
2702768
2702772
2702803
2702818
2702848
2703151
2703154
2703157
2703160
2703163
2703167
2703171
2703172
2703175
2703176
2703179
2703180
2703291
2703368
2703372
2703373
2703376
2703377
2703380
2703381
2703406
2703407
2703454
2703477
2703481
2703485
2703524
2703543
2703547
2703578
2703593
2703623
2703873
2703877
2703910
2703941
2704011
2704015
2704019
2704042
2704081
2704100
2704104
2704135
2704150
2704180
2704479
2704525
2704555
2704754
2704784
2707405
2707408
2707411
2707414
2707417
2707421
2707466
2707469
2707472
2707475
2707478
2707534
2707717
2707721
2707724
2707725
2707728
2707729
2707732
2707733
2707736
2707737
2707814
2707815
2707818
2707819
2707822
2707823
2707826
2707827
2707830
2707831
2707882
2707897
2707901
2707905
2707909
2707948
2707963
2707967
2707971
2708013
2708017
2708047
2708353
2708356
2708359
2708362
2708367
2708418
2708590
2708593
2708594
2708597
2708598
2708601
2708602
2708605
2708606
2708653
2708672
2708676
2708680
2708684
2708738
2708742
2708746
2708788
2708792
2708822
2709229
2709233
2709237
2709241
2709295
2709299
2709303
2709345
2709349
2709379
2709670
2709674
2709678
2709720
2709724
2709754
2709949
2709953
2709983
2710102
2711923
2711926
2711929
2711932
2711935
2711991
2712163
2712167
2712170
2712171
2712174
2712175
2712178
2712179
2712245
2712249
2712253
2712257
2712311
2712315
2712319
2712361
2712365
2712395
2712802
2712806
2712810
2712814
2712868
2712872
2712876
2712918
2712922
2712952
2713243
2713247
2713251
2713293
2713297
2713327
2713522
2713526
2713556
2713675
2714973
2715130
2715134
2715138
2715142
2715196
2715200
2715204
2715246
2715250
2715280
2715571
2715579
2715621
2715625
2715655
2715850
2715854
2715884
2716003
2716984
2716988
2716992
2717034
2717038
2717068
2717263
2717267
2717297
2717416
3012869
3012878
3012881
3012884
3012959
3012962
3012965
3013030
3013033
3013036
3013094
3013097
3013106
3013358
3013362
3013366
3013369
3013370
3013374
3013377
3013378
3013381
3013382
3013385
3013386
3013488
3013492
3013495
3013496
3013500
3013503
3013504
3013507
3013508
3013511
3013512
3013602
3013606
3013610
3013614
3013617
3013618
3013621
3013622
3013690
3013700
3013704
3013708
3013712
3013715
3013716
3013782
3013786
3013790
3013794
3013848
3013852
3013856
3013898
3013902
3013932
3014416
3014419
3014422
3014425
3014493
3014496
3014554
3014557
3014807
3014811
3014815
3014818
3014819
3014822
3014823
3014826
3014827
3014830
3014831
3014921
3014925
3014929
3014932
3014933
3014936
3014937
3014940
3014941
3015000
3015019
3015022
3015023
3015026
3015027
3015030
3015031
3015034
3015035
3015101
3015105
3015109
3015113
3015171
3015175
3015217
3015221
3015251
3015635
3015638
3015641
3015644
3015647
3015650
3015654
3015658
3015662
3015663
3015666
3015667
3015670
3015671
3015674
3015675
3015699
3015702
3015705
3015708
3015711
3015715
3015716
3015719
3015720
3015723
3015724
3015727
3015728
3015731
3015732
3015767
3015771
3015775
3015779
3015808
3015812
3015816
3015839
3015843
3015860
3015923
3015927
3015931
3015932
3015935
3015936
3015939
3015940
3015943
3015944
3015950
3015954
3015957
3015958
3015961
3015962
3015965
3015966
3015969
3015970
3016025
3016026
3016029
3016030
3016033
3016034
3016037
3016038
3016041
3016042
3016047
3016048
3016051
3016052
3016055
3016056
3016059
3016060
3016063
3016064
3016111
3016115
3016119
3016123
3016130
3016134
3016138
3016142
3016181
3016185
3016189
3016196
3016200
3016204
3016235
3016239
3016246
3016250
3016273
3016280
3016583
3016586
3016589
3016592
3016595
3016599
3016600
3016603
3016604
3016607
3016608
3016611
3016612
3016615
3016616
3016651
3016655
3016659
3016663
3016692
3016696
3016700
3016723
3016727
3016744
3016800
3016801
3016804
3016805
3016808
3016809
3016812
3016813
3016816
3016817
3016822
3016823
3016826
3016827
3016830
3016831
3016834
3016835
3016838
3016839
3016886
3016890
3016894
3016898
3016905
3016909
3016913
3016917
3016956
3016960
3016964
3016971
3016975
3016979
3017010
3017014
3017021
3017025
3017048
3017055
3017305
3017309
3017313
3017342
3017346
3017350
3017373
3017377
3017394
3017443
3017447
3017451
3017455
3017462
3017466
3017470
3017474
3017513
3017517
3017521
3017528
3017532
3017536
3017567
3017571
3017578
3017582
3017605
3017612
3017903
3017907
3017911
3017953
3017957
3017987
3018182
3018186
3018216
3018335
3067525
3067528
3067531
3067534
3067537
3067603
3067612
3067615
3067618
3067683
3067686
3067689
3067747
3067750
3067759
3071976
3071979
3071982
3071985
3071988
3071991
3076663
3076666
3076669
3079832
3079835
3079838
3081858
3081861
3081864
3083059
3083062
3083693
3088373
3108972
3120065
3120068
3120071
3120074
3120136
3120139
3120142
3120145
3120197
3120200
3120203
3120206
3123203
3123206
3123209
3126372
3126375
3126378
3128401
3128404
3129599
3129602
3130236
3130613
3153018
3153021
3153024
3153027
3153079
3153082
3153085
3155124
3155127
3155130
3155133
3157153
3157156
3157159
3158351
3158354
3158357
3158991
3172459
3172462
3172465
3172468
3173793
3173796
3173799
3174991
3174994
3174997
3183824
3183827
3183830
3183833
3184461
3242814
3242818
3242821
3242822
3242825
3242826
3242829
3242830
3242833
3242834
3242837
3242838
3242841
3242842
3242944
3242948
3242952
3242955
3242956
3242960
3242963
3242964
3242967
3242968
3243058
3243062
3243066
3243069
3243070
3243073
3243074
3243077
3243078
3243133
3243146
3243156
3243160
3243164
3243171
3243172
3243238
3243242
3243246
3243250
3243304
3243308
3243312
3243354
3243358
3243388
3255026
3277568
3294228
3294232
3294236
3294240
3294244
3294247
3294248
3294251
3294255
3294256
3298435
3299390
3300101
3306533
3306537
3306541
3306544
3306545
3306548
3306549
3306552
3306553
3306556
3306557
3309465
3310176
3310679
3314850
3314854
3314858
3314862
3314865
3314866
3314869
3314870
3316793
3317296
3320151
3320155
3320158
3320159
3320163
3320166
3320167
3321355
3323272
3323276
3323279
3323283
3323284
3323951
3324913
3324917
3388937
3388941
3388945
3388949
3388952
3388953
3388956
3388957
3388960
3388961
3389051
3389055
3389059
3389062
3389063
3389066
3389070
3389071
3389149
3389153
3389156
3389157
3389160
3389161
3389164
3389165
3389231
3389235
3389239
3389243
3389297
3389301
3389305
3389347
3389351
3389381
3422153
3422157
3422161
3422164
3422165
3422168
3422169
3422172
3422173
3422176
3422177
3425085
3425796
3426299
3430470
3430474
3430477
3430478
3430481
3430482
3430485
3430486
3430489
3430490
3432413
3432916
3435771
3435775
3435779
3435782
3435783
3435786
3435787
3436975
3438892
3438896
3438899
3438900
3438903
3438904
3439571
3480370
3480374
3480378
3480381
3480382
3480385
3480386
3480389
3480390
3480468
3480471
3480472
3480475
3480476
3480479
3480480
3480483
3480484
3480550
3480554
3480558
3480562
3480616
3480620
3480624
3480666
3480670
3480700
3500684
3500688
3500692
3500695
3500696
3500699
3500700
3500703
3500704
3502627
3503130
3505985
3505989
3505992
3505993
3505996
3505997
3506000
3506001
3509106
3509110
3509113
3509114
3509117
3509118
3510750
3534137
3534140
3534141
3534144
3534145
3534148
3534149
3534152
3534153
3534219
3534223
3534227
3534231
3534285
3534289
3534293
3534335
3534339
3534369
3545708
3545709
3545712
3545716
3545717
3545720
3545721
3545724
3545725
3546913
3548830
3548833
3548834
3548838
3548841
3548842
3550479
3551199
3563298
3563302
3563306
3563360
3563364
3563368
3563410
3563414
3563444
3569283
3569284
3569288
3569291
3569292
3569295
3569296
3570929
3571654
3571887
3577457
3577461
3577465
3577507
3577511
3577541
3580161
3580165
3580169
3580886
3581123
3583330
3583334
3583364
3584316
3584320
3584553
3585233
3585477
3585920
3585923
3585926
3585929
3585932
3585997
3586000
3586003
3586061
3586064
3586314
3586318
3586321
3586322
3586325
3586326
3586329
3586330
3586333
3586334
3586337
3586338
3586428
3586432
3586435
3586436
3586440
3586443
3586444
3586447
3586448
3586526
3586530
3586534
3586537
3586538
3586541
3586542
3586608
3586612
3586616
3586620
3586674
3586678
3586682
3586724
3586728
3586758
3587148
3587151
3587154
3587157
3587212
3587215
3587218
3587457
3587460
3587461
3587465
3587468
3587469
3587472
3587473
3587476
3587477
3587555
3587559
3587562
3587563
3587566
3587567
3587570
3587571
3587637
3587641
3587645
3587649
3587703
3587707
3587711
3587753
3587757
3587787
3588090
3588093
3588096
3588099
3588102
3588329
3588330
3588333
3588334
3588337
3588338
3588341
3588342
3588345
3588346
3588412
3588416
3588420
3588424
3588478
3588482
3588486
3588528
3588532
3588562
3588808
3588812
3588969
3588973
3588977
3588981
3589035
3589039
3589043
3589085
3589089
3589119
3589410
3589414
3589418
3589460
3589464
3589494
3589689
3589693
3589723
3589842
3621626
3621629
3621632
3621635
3621638
3621700
3621703
3621706
3621709
3621761
3621764
3621767
3621770
3624761
3624764
3624767
3624770
3624773
3627936
3627939
3627942
3629965
3629968
3631166
3631797
3631800
3632080
3632083
3632177
3654582
3654585
3654588
3654591
3654646
3654649
3654652
3656688
3656691
3656694
3656697
3658717
3658720
3658723
3659918
3659921
3660555
3674023
3674026
3674029
3674032
3675357
3675360
3675363
3676555
3676558
3676561
3677195
3685388
3685391
3685394
3685397
3686028
3686031
3686314
3726320
3726324
3726328
3726331
3726332
3726335
3726336
3726339
3726340
3726343
3726344
3726434
3726438
3726442
3726445
3726446
3726449
3726450
3726453
3726454
3726532
3726536
3726539
3726540
3726543
3726544
3726547
3726548
3726614
3726618
3726622
3726626
3726680
3726684
3726688
3726730
3726734
3726764
3759536
3759540
3759544
3759547
3759548
3759551
3759552
3759555
3759556
3759559
3759560
3762468
3763179
3767853
3767857
3767860
3767861
3767864
3767865
3767868
3767869
3767872
3767873
3769796
3773154
3773158
3773162
3773165
3773166
3773169
3773170
3774689
3776275
3776279
3776282
3776283
3776286
3776287
3777916
3777920
3777923
3777924
3778641
3778645
3778878
3817753
3817757
3817761
3817764
3817765
3817768
3817769
3817772
3817773
3817851
3817855
3817858
3817859
3817862
3817863
3817866
3817867
3817933
3817937
3817945
3817999
3818003
3818007
3818049
3818053
3818083
3838067
3838071
3838075
3838078
3838079
3838082
3838083
3838086
3838087
3840010
3840513
3843368
3843372
3843375
3843376
3843379
3843380
3843383
3843384
3844572
3846489
3846493
3846496
3846500
3846501
3847168
3848130
3848137
3848138
3848859
3871520
3871523
3871524
3871527
3871528
3871531
3871532
3871535
3871536
3871602
3871606
3871610
3871614
3871668
3871672
3871676
3871718
3871722
3871752
3883091
3883092
3883095
3883096
3883099
3883100
3883103
3883104
3883107
3883108
3886216
3886217
3886220
3886221
3886225
3887858
3887861
3887862
3888816
3900677
3900681
3900685
3900689
3900743
3900747
3900751
3900793
3900797
3900827
3906666
3906667
3906670
3906671
3906674
3906675
3906678
3906679
3907346
3908307
3908308
3908312
3908315
3908316
3909036
3909037
3909269
3909270
3914840
3914844
3914848
3914890
3914894
3914924
3917544
3917548
3917552
3920713
3920717
3920747
3921699
3921703
3921936
3922616
3922860
3923254
3923257
3923260
3923263
3923318
3923321
3923324
3923563
3923566
3923567
3923570
3923571
3923574
3923575
3923578
3923579
3923582
3923583
3923661
3923665
3923668
3923669
3923672
3923673
3923676
3923677
3923743
3923747
3923751
3923755
3923809
3923813
3923817
3923859
3923863
3923893
3924199
3924202
3924205
3924208
3924436
3924439
3924440
3924443
3924444
3924447
3924448
3924451
3924452
3924518
3924522
3924526
3924530
3924584
3924588
3924592
3924634
3924638
3924668
3925075
3925079
3925083
3925087
3925141
3925145
3925149
3925191
3925195
3925225
3925516
3925520
3925524
3925566
3925570
3925600
3925795
3925799
3925829
3925948
3945425
3945428
3945431
3945434
3945492
3945495
3947531
3947534
3947537
3947540
3949560
3949563
3949566
3950761
3950764
3951395
3951398
3951681
3964866
3964869
3964872
3964875
3966197
3966200
3966203
3966206
3967401
3967404
3968032
3968035
3976231
3976234
3976237
3976240
3976868
3976874
3977154
3977157
3977251
4004333
4004337
4004340
4004341
4004344
4004345
4004348
4004349
4004352
4004353
4004431
4004435
4004438
4004439
4004442
4004443
4004446
4004447
4004513
4004517
4004521
4004525
4004579
4004583
4004587
4004629
4004633
4004663
4024647
4024651
4024655
4024658
4024659
4024662
4024663
4024666
4024667
4026590
4027093
4029948
4029952
4029955
4029956
4029959
4029960
4029963
4029964
4031152
4033069
4033073
4033076
4033077
4033080
4033081
4033748
4033943
4034714
4034717
4034718
4058099
4058100
4058103
4058104
4058107
4058108
4058111
4058112
4058115
4058116
4058182
4058186
4058190
4058194
4058248
4058252
4058256
4058298
4058302
4058332
4069672
4069675
4069676
4069679
4069680
4069683
4069684
4069687
4069688
4070876
4072793
4072797
4072800
4072801
4072804
4072805
4073472
4074433
4074437
4074441
4074442
4075162
4075163
4087257
4087261
4087265
4087269
4087327
4087331
4087373
4087377
4087407
4093246
4093247
4093250
4093251
4093254
4093255
4093258
4093259
4094887
4094891
4094895
4094896
4095616
4095617
4095850
4101420
4101424
4101428
4101470
4101474
4101504
4104128
4104132
4104849
4104853
4105086
4107293
4107297
4107327
4108279
4108516
4109196
4109440
4109793
4109796
4110024
4110028
4110031
4110032
4110035
4110036
4110039
4110040
4110106
4110110
4110114
4110118
4110172
4110176
4110180
4110222
4110226
4110256
4110663
4110667
4110671
4110675
4110729
4110733
4110737
4110779
4110783
4110813
4111104
4111108
4111112
4111154
4111158
4111188
4111383
4111387
4111417
4111536
4122694
4122697
4122700
4124022
4124025
4124028
4124031
4125223
4125226
4125860
4125863
4134056
4134059
4134062
4134065
4134696
4134979
4153433
4153437
4153440
4153441
4153444
4153445
4153448
4153449
4153515
4153519
4153523
4153527
4153581
4153585
4153589
4153631
4153635
4153665
4165005
4165008
4165009
4165012
4165013
4165016
4165017
4165020
4165021
4166209
4166540
4168126
4168129
4168130
4168133
4168134
4168137
4168805
4169766
4169771
4169775
4170496
4170729
4182590
4182594
4182598
4182602
4182656
4182660
4182664
4182706
4182710
4182740
4188579
4188583
4188584
4188587
4188588
4188591
4188592
4189259
4190220
4190221
4190224
4190225
4190228
4190229
4190946
4190949
4190950
4191183
4196753
4196757
4196761
4196803
4196807
4196837
4199457
4199461
4199789
4200182
4200186
4200419
4202626
4202630
4202660
4203612
4203616
4203849
4204529
4205253
4205257
4205261
4205265
4205319
4205323
4205327
4205369
4205373
4205403
4205694
4205698
4205702
4205744
4205748
4205778
4205973
4205977
4206007
4206126
4212755
4212758
4213386
4213389
4213392
4213675
4226519
4226523
4226527
4226531
4226585
4226589
4226593
4226635
4226639
4226669
4232509
4232513
4232516
4232517
4232520
4232521
4234149
4234153
4234154
4234157
4234158
4234875
4234878
4234879
4235112
4240682
4240686
4240732
4240736
4240766
4243386
4243390
4243394
4244111
4244115
4244348
4246555
4246559
4246589
4247541
4247545
4247778
4248458
4248702
4249093
4249097
4249101
4249143
4249147
4249177
4249372
4249376
4249406
4249525
4258272
4258276
4258280
4258322
4258326
4258356
4260976
4260980
4260984
4261308
4261701
4261705
4261938
4264145
4264149
4264179
4265131
4265135
4265368
4266048
4266609
4266613
4266643
4266762
4269903
4269907
4269937
4270889
4270893
4271126
4271806
4272050
4273186
4273430
4275502
4275505
4275508
4275511
4275514
4275517
4275576
4275579
4275582
4275585
4275588
4275640
4275643
4275646
4275649
4275654
4275709
4275746
4275873
4275898
4275899
4275903
4275906
4275907
4275910
4275911
4275914
4275915
4275918
4275919
4275922
4275923
4275986
4276012
4276013
4276016
4276017
4276020
4276021
4276024
4276025
4276028
4276029
4276032
4276033
4276089
4276111
4276114
4276115
4276118
4276119
4276122
4276123
4276126
4276127
4276174
4276193
4276197
4276201
4276205
4276244
4276259
4276263
4276267
4276309
4276313
4276343
4276727
4276730
4276733
4276736
4276739
4276742
4276746
4276750
4276754
4276755
4276758
4276759
4276762
4276763
4276766
4276767
4276794
4276797
4276800
4276803
4276811
4276812
4276815
4276816
4276819
4276820
4276823
4276824
4276863
4276867
4276871
4276900
4276904
4276908
4276931
4276935
4276952
4277015
4277019
4277023
4277024
4277027
4277028
4277031
4277032
4277035
4277036
4277121
4277122
4277125
4277126
4277129
4277130
4277133
4277134
4277203
4277207
4277211
4277215
4277273
4277277
4277281
4277327
4277331
4277365
4277675
4277678
4277681
4277684
4277687
4277691
4277695
4277696
4277699
4277700
4277703
4277704
4277707
4277708
4277751
4277755
4277784
4277788
4277792
4277815
4277819
4277836
4277892
4277896
4277897
4277900
4277901
4277904
4277905
4277908
4277909
4277978
4277982
4277986
4277990
4278048
4278052
4278056
4278102
4278106
4278140
4278397
4278401
4278405
4278434
4278438
4278442
4278465
4278469
4278486
4278535
4278539
4278543
4278547
4278605
4278609
4278613
4278659
4278663
4278697
4281926
4281929
4281932
4281935
4281938
4281941
4281993
4281996
4281999
4282002
4282240
4282241
4282244
4282245
4282248
4282249
4282252
4282253
4282256
4282257
4282260
4282261
4282338
4282339
4282342
4282343
4282346
4282347
4282350
4282351
4282354
4282355
4282421
4282425
4282429
4282433
4282487
4282491
4282495
4282537
4282541
4282571
4282877
4282880
4282883
4282886
4282890
4283092
4283114
4283117
4283118
4283121
4283122
4283125
4283126
4283129
4283130
4283196
4283200
4283204
4283208
4283262
4283266
4283270
4283312
4283316
4283346
4283592
4283753
4283757
4283761
4283765
4283819
4283823
4283827
4283869
4283873
4283903
4284194
4284198
4284202
4284244
4284248
4284278
4284473
4284477
4284507
4284626
4286447
4286450
4286453
4286456
4286459
4286665
4286687
4286691
4286694
4286695
4286698
4286699
4286702
4286703
4286769
4286773
4286777
4286781
4286835
4286839
4286843
4286885
4286889
4286919
4287165
4287326
4287330
4287334
4287338
4287392
4287396
4287400
4287442
4287446
4287476
4287767
4287771
4287775
4287817
4287821
4287851
4288046
4288050
4288080
4288199
4289654
4289658
4289662
4289666
4289720
4289724
4289728
4289770
4289774
4289804
4290095
4290099
4290103
4290145
4290149
4290179
4290374
4290378
4290408
4290527
4291508
4291512
4291516
4291558
4291562
4291592
4291787
4291791
4291821
4291940
4471993
4471999
4472002
4472005
4472008
4472011
4472073
4472076
4472079
4472082
4472131
4472134
4472137
4472140
4472143
4472148
4472152
4472199
4472363
4472393
4472396
4472397
4472401
4472404
4472405
4472408
4472409
4472412
4472413
4472416
4472417
4472507
4472510
4472511
4472514
4472515
4472518
4472519
4472522
4472523
4472526
4472527
4472583
4472605
4472609
4472613
4472616
4472617
4472620
4472621
4472687
4472691
4472695
4472699
4472753
4472757
4472761
4472803
4472807
4472837
4473227
4473230
4473233
4473236
4473291
4473294
4473297
4473305
4473357
4473536
4473539
4473540
4473544
4473547
4473548
4473551
4473552
4473555
4473556
4473634
4473637
4473638
4473641
4473642
4473645
4473646
4473649
4473650
4473716
4473720
4473724
4473728
4473782
4473786
4473790
4473832
4473836
4473866
4474169
4474172
4474175
4474178
4474181
4474408
4474409
4474412
4474413
4474416
4474417
4474420
4474421
4474424
4474425
4474491
4474495
4474499
4474503
4474557
4474561
4474565
4474607
4474611
4474641
4474887
4474891
4475048
4475052
4475056
4475060
4475114
4475118
4475122
4475164
4475168
4475198
4475489
4475493
4475497
4475539
4475543
4475573
4475768
4475772
4475802
4475921
4507705
4507708
4507711
4507714
4507717
4507773
4507776
4507779
4507782
4507785
4507788
4507840
4507843
4507846
4507849
4510834
4510837
4510840
4510843
4510846
4510849
4510852
4512135
4514009
4514012
4514015
4514018
4514021
4516038
4516041
4516044
4516047
4517239
4517242
4517245
4517876
4517879
4518162
4518256
4538002
4538218
4539635
4540597
4540661
4540664
4540667
4540670
4540722
4540725
4540728
4540731
4542767
4542770
4542773
4542776
4544796
4544799
4544802
4545994
4545997
4546000
4546634
4546917
4560102
4560105
4560108
4560111
4561436
4561439
4561442
4562634
4562637
4562640
4563274
4563557
4563651
4571467
4571470
4571473
4571476
4572104
4572107
4572393
4612399
4612402
4612403
4612406
4612407
4612410
4612411
4612414
4612415
4612418
4612419
4612422
4612423
4612513
4612516
4612517
4612520
4612521
4612524
4612525
4612528
4612529
4612532
4612533
4612611
4612615
4612619
4612622
4612623
4612626
4612627
4612693
4612697
4612701
4612705
4612759
4612763
4612767
4612809
4612813
4612843
4637705
4640300
4645615
4645618
4645619
4645622
4645623
4645626
4645627
4645630
4645631
4645634
4645635
4645638
4645639
4646279
4648547
4649258
4653932
4653935
4653936
4653939
4653940
4653943
4653944
4653947
4653948
4653951
4653952
4655875
4659232
4659233
4659237
4659240
4659241
4659244
4659245
4659248
4659249
4660768
4662354
4662357
4662358
4662361
4662365
4662366
4663033
4663995
4663999
4664002
4664003
4664720
4664724
4703832
4703836
4703840
4703843
4703844
4703847
4703848
4703851
4703852
4703930
4703933
4703934
4703937
4703938
4703941
4703942
4703945
4703946
4704012
4704016
4704020
4704024
4704078
4704082
4704086
4704128
4704132
4704162
4724146
4724150
4724154
4724157
4724158
4724161
4724162
4724165
4724166
4729447
4729451
4729454
4729455
4729458
4729459
4729462
4729463
4730651
4732568
4732572
4732575
4732576
4732579
4732580
4733247
4734209
4734212
4734216
4734217
4757599
4757602
4757603
4757606
4757607
4757610
4757611
4757614
4757615
4757681
4757685
4757689
4757693
4757747
4757751
4757755
4757797
4757801
4757831
4769170
4769171
4769174
4769175
4769178
4769179
4769182
4769183
4769186
4769187
4772292
4772295
4772296
4772299
4772300
4772303
4772304
4773932
4773936
4773941
4774661
4774662
4774895
4786756
4786760
4786764
4786768
4786822
4786826
4786830
4786872
4786876
4786906
4792745
4792746
4792749
4792750
4792753
4792754
4792757
4792758
4794387
4794390
4794394
4794395
4795111
4795115
4795348
4795349
4800919
4800923
4800927
4800969
4800973
4801003
4803623
4803627
4803631
4804348
4804352
4804585
4806792
4806796
4806826
4807778
4807782
4808015
4808939
4809333
4809336
4809339
4809342
4809397
4809400
4809403
4809642
4809645
4809646
4809649
4809650
4809653
4809654
4809657
4809658
4809661
4809662
4809740
4809744
4809747
4809748
4809751
4809752
4809755
4809756
4809822
4809826
4809830
4809834
4809888
4809892
4809896
4809938
4809942
4809972
4810278
4810281
4810284
4810287
4810515
4810518
4810519
4810522
4810523
4810526
4810527
4810530
4810531
4810597
4810601
4810605
4810609
4810663
4810667
4810671
4810713
4810717
4810747
4811154
4811158
4811162
4811166
4811220
4811224
4811228
4811270
4811274
4811304
4811595
4811599
4811603
4811645
4811649
4811679
4811874
4811878
4811908
4812027
4831504
4831507
4831510
4831513
4831571
4831574
4833610
4833613
4833616
4833619
4835639
4835642
4835645
4836840
4836843
4837474
4837477
4837760
4837854
4850945
4850951
4850954
4852276
4852279
4852282
4852285
4853480
4854111
4854114
4854117
4854397
4854400
4862310
4862313
4862316
4862319
4862947
4862950
4863236
4863330
4890412
4890416
4890419
4890420
4890423
4890424
4890427
4890428
4890431
4890432
4890510
4890514
4890517
4890518
4890521
4890522
4890525
4890526
4890592
4890596
4890600
4890604
4890658
4890662
4890666
4890708
4890712
4890742
4910726
4910730
4910734
4910737
4910738
4910741
4910742
4910745
4910746
4912669
4913172
4916027
4916031
4916034
4916035
4916038
4916039
4916042
4916043
4917231
4917562
4919148
4919152
4919155
4919156
4919159
4919160
4919827
4920797
4921517
4921518
4921751
4944178
4944179
4944182
4944183
4944186
4944187
4944190
4944191
4944194
4944195
4944261
4944265
4944269
4944273
4944327
4944331
4944335
4944377
4944381
4944411
4955751
4955754
4955755
4955758
4955759
4955762
4955763
4955766
4955767
4956955
4958872
4958876
4958879
4958880
4958883
4958884
4960512
4960513
4960516
4960517
4960521
4961238
4961241
4961242
4961475
4973336
4973340
4973344
4973348
4973402
4973406
4973410
4973452
4973456
4973486
4979325
4979329
4979330
4979333
4979334
4979337
4979338
4980966
4980967
4980971
4980974
4981692
4981695
4981929
4987499
4987503
4987507
4987549
4987553
4987583
4990203
4990207
4990211
4990928
4990932
4993372
4993376
4994358
4994595
4995275
4995519
4995872
4995875
4996103
4996107
4996110
4996111
4996114
4996115
4996118
4996119
4996185
4996189
4996193
4996197
4996251
4996255
4996259
4996301
4996305
4996335
4996742
4996746
4996750
4996754
4996808
4996812
4996816
4996858
4996862
4996892
4997183
4997187
4997191
4997233
4997237
4997267
4997462
4997466
4997496
4997615
5008773
5008776
5008779
5010101
5010104
5010107
5010110
5011302
5011305
5011308
5011936
5011939
5012225
5020135
5020138
5020141
5020144
5020772
5020775
5020778
5021058
5021061
5039512
5039516
5039519
5039520
5039523
5039524
5039527
5039528
5039594
5039598
5039602
5039606
5039660
5039664
5039668
5039710
5039714
5039744
5051084
5051087
5051088
5051091
5051092
5051095
5051096
5051099
5051100
5052288
5052619
5054205
5054208
5054209
5054212
5054213
5054216
5054217
5055846
5055849
5055850
5055853
5055854
5056571
5056574
5056808
5068669
5068673
5068677
5068681
5068735
5068739
5068743
5068785
5068789
5068819
5074658
5074659
5074662
5074663
5074666
5074667
5074670
5074671
5076299
5076300
5076303
5076304
5076307
5076308
5077028
5077029
5077262
5082832
5082836
5082840
5082882
5082886
5082916
5085536
5085540
5085544
5085868
5086261
5086265
5088705
5088709
5089691
5089695
5089928
5090608
5091332
5091336
5091340
5091344
5091398
5091402
5091406
5091448
5091452
5091482
5091773
5091777
5091781
5091823
5091827
5091857
5092052
5092056
5092086
5092205
5098834
5098837
5099465
5099468
5099471
5099751
5099754
5099848
5112598
5112602
5112606
5112610
5112664
5112668
5112672
5112714
5112718
5112748
5118588
5118592
5118595
5118596
5118599
5118600
5120228
5120229
5120232
5120233
5120236
5120237
5120958
5121191
5126761
5126765
5126769
5126811
5126815
5126845
5129465
5129473
5130194
5132634
5132638
5132668
5133620
5133624
5133857
5134537
5134781
5135172
5135176
5135180
5135222
5135226
5135256
5135451
5135455
5135485
5135604
5144351
5144355
5144401
5144405
5144435
5147055
5147059
5147063
5147780
5147784
5148017
5150224
5150228
5151210
5151214
5151447
5152127
5152371
5152688
5152692
5152722
5152841
5155982
5155986
5156016
5156972
5157205
5157885
5158129
5158387
5159265
5159509
5161181
5161184
5161187
5161190
5161193
5161196
5161201
5161248
5161251
5161254
5161257
5161278
5161385
5161496
5161499
5161500
5161503
5161504
5161507
5161508
5161511
5161512
5161515
5161516
5161588
5161593
5161594
5161597
5161598
5161601
5161602
5161605
5161606
5161610
5161676
5161680
5161684
5161688
5161742
5161746
5161750
5161792
5161796
5161826
5162132
5162135
5162138
5162141
5162146
5162197
5162346
5162369
5162372
5162373
5162376
5162377
5162380
5162381
5162384
5162385
5162451
5162455
5162459
5162463
5162517
5162521
5162525
5162567
5162571
5162601
5163008
5163012
5163016
5163020
5163074
5163078
5163082
5163124
5163128
5163158
5163449
5163453
5163457
5163499
5163503
5163533
5163728
5163732
5163762
5163881
5165705
5165708
5165711
5165714
5165770
5165919
5165941
5165942
5165945
5165946
5165949
5165950
5165953
5165954
5165957
5165958
5166024
5166028
5166032
5166036
5166090
5166094
5166098
5166140
5166144
5166174
5166581
5166585
5166589
5166593
5166647
5166651
5166655
5166697
5166701
5166731
5167022
5167026
5167030
5167072
5167076
5167106
5167301
5167305
5167335
5167454
5168890
5168913
5168917
5168921
5168975
5168979
5168983
5169025
5169029
5169059
5169350
5169354
5169358
5169400
5169404
5169434
5169629
5169633
5169663
5169782
5170763
5170767
5170771
5170813
5170817
5170847
5171042
5171046
5171076
5171195
5275323
5275326
5275329
5275332
5275335
5275338
5275343
5275347
5275390
5275393
5275396
5275399
5275616
5275638
5275642
5275645
5275646
5275649
5275650
5275653
5275654
5275657
5275658
5275726
5275736
5275739
5275740
5275744
5275748
5275751
5275752
5275818
5275822
5275826
5275830
5275884
5275888
5275892
5275934
5275938
5275968
5276274
5276277
5276280
5276283
5276511
5276514
5276515
5276518
5276519
5276522
5276523
5276526
5276527
5276593
5276597
5276601
5276605
5276659
5276663
5276667
5276709
5276713
5276743
5277150
5277154
5277158
5277162
5277216
5277220
5277224
5277266
5277270
5277300
5277591
5277595
5277599
5277641
5277645
5277675
5277870
5277874
5277904
5278023
5297497
5297500
5297503
5297506
5297509
5297534
5297561
5297564
5297567
5297570
5297590
5299603
5299606
5299609
5299612
5299615
5301629
5301632
5301635
5301638
5301641
5302830
5302833
5302836
5302839
5303470
5303850
5316941
5316944
5316947
5316950
5318272
5318275
5318278
5318281
5319473
5319476
5319479
5320107
5320110
5320393
5320396
5328306
5328309
5328312
5328315
5328943
5328946
5328949
5329326
5356402
5356408
5356411
5356412
5356415
5356416
5356419
5356420
5356423
5356424
5356428
5356499
5356505
5356506
5356509
5356510
5356513
5356514
5356517
5356518
5356521
5356588
5356592
5356596
5356600
5356654
5356658
5356662
5356704
5356708
5356738
5362145
5376721
5376722
5376726
5376729
5376730
5376733
5376734
5376737
5376738
5376741
5376742
5377213
5378665
5382023
5382027
5382030
5382031
5382034
5382035
5382038
5382039
5383227
5385144
5385148
5385151
5385152
5385155
5385156
5385823
5386789
5386792
5386793
5387510
5387513
5387514
5387746
5387747
5410174
5410175
5410178
5410179
5410182
5410183
5410186
5410187
5410190
5410191
5410257
5410261
5410265
5410269
5410323
5410327
5410331
5410373
5410377
5410407
5421747
5421750
5421751
5421754
5421755
5421758
5421759
5421762
5421763
5422951
5424868
5424871
5424872
5424876
5424879
5424880
5425547
5426509
5426512
5426517
5427237
5427238
5427471
5439332
5439336
5439340
5439344
5439398
5439402
5439406
5439448
5439452
5439482
5445321
5445322
5445325
5445326
5445329
5445330
5445333
5445334
5446001
5446963
5446966
5446967
5446970
5446971
5447688
5447691
5447692
5447925
5453495
5453499
5453503
5453545
5453549
5453579
5456203
5456207
5456924
5456928
5457161
5459368
5459372
5459402
5460354
5460358
5460591
5461271
5461515
5461868
5461871
5462099
5462103
5462106
5462107
5462110
5462111
5462114
5462115
5462181
5462185
5462189
5462193
5462247
5462251
5462255
5462297
5462301
5462331
5462738
5462742
5462746
5462750
5462804
5462808
5462812
5462854
5462858
5462888
5463179
5463183
5463187
5463229
5463233
5463263
5463458
5463462
5463492
5463611
5474769
5474772
5474775
5476097
5476100
5476103
5476106
5477298
5477301
5477304
5477935
5477938
5478218
5478221
5486131
5486134
5486137
5486140
5486771
5486774
5487054
5487151
5505508
5505512
5505515
5505516
5505519
5505520
5505523
5505524
5505590
5505594
5505598
5505602
5505656
5505660
5505664
5505706
5505710
5505740
5517080
5517083
5517084
5517087
5517088
5517091
5517092
5517095
5517096
5518284
5518615
5520201
5520204
5520205
5520208
5520209
5520212
5520213
5520880
5521841
5521842
5521845
5521846
5521849
5521850
5522567
5522570
5522571
5522804
5534665
5534669
5534673
5534677
5534731
5534735
5534739
5534781
5534785
5534815
5540654
5540655
5540658
5540659
5540662
5540663
5540666
5540667
5541334
5542295
5542299
5542303
5543021
5543024
5543025
5543258
5548828
5548832
5548878
5548882
5548912
5551532
5551536
5551540
5552257
5552261
5552494
5554701
5554735
5555687
5555691
5555924
5556604
5556848
5557328
5557332
5557336
5557340
5557394
5557398
5557402
5557444
5557448
5557478
5557769
5557773
5557777
5557819
5557823
5557853
5558048
5558052
5558082
5558201
5564830
5564833
5565461
5565464
5565467
5565750
5578594
5578598
5578602
5578606
5578660
5578664
5578668
5578710
5578714
5578744
5584584
5584588
5584591
5584592
5584595
5584596
5585263
5586224
5586225
5586228
5586229
5586232
5586233
5586950
5586953
5586954
5587187
5592757
5592765
5592807
5592811
5592841
5595461
5595465
5595469
5596190
5596423
5598630
5598634
5598664
5599616
5599620
5599853
5600533
5600777
5601168
5601172
5601176
5601218
5601222
5601252
5601447
5601451
5601481
5601600
5610347
5610351
5610355
5610397
5610401
5610431
5613051
5613055
5613059
5613776
5614013
5616220
5616224
5617206
5617210
5617443
5618123
5618367
5618684
5618688
5618718
5618837
5621978
5622012
5622964
5622968
5623201
5623881
5624125
5624383
5625261
5625505
5626844
5626847
5626850
5626853
5626856
5627083
5627084
5627087
5627088
5627091
5627092
5627095
5627096
5627099
5627100
5627166
5627170
5627174
5627178
5627232
5627236
5627240
5627282
5627286
5627316
5627723
5627727
5627731
5627735
5627789
5627793
5627797
5627839
5627843
5627873
5628164
5628168
5628172
5628214
5628218
5628248
5628443
5628447
5628477
5628596
5630051
5630055
5630059
5630063
5630117
5630121
5630125
5630167
5630171
5630201
5630492
5630496
5630500
5630542
5630546
5630576
5630771
5630775
5630805
5630924
5631905
5631909
5631913
5631955
5631959
5631989
5632184
5632188
5632218
5632337
5688885
5688888
5688891
5688894
5688897
5689103
5689125
5689129
5689132
5689133
5689136
5689137
5689140
5689141
5689207
5689211
5689215
5689219
5689273
5689277
5689281
5689323
5689327
5689357
5689764
5689768
5689772
5689776
5689830
5689834
5689838
5689880
5689884
5689914
5690205
5690209
5690213
5690255
5690259
5690289
5690484
5690488
5690518
5690637
5701792
5701795
5701798
5701801
5701865
5703120
5703123
5703126
5703129
5703132
5704321
5704324
5704327
5704330
5704632
5704961
5704964
5705247
5705341
5706622
5706950
5709739
5711376
5713157
5713160
5713163
5713166
5713468
5713794
5713797
5713800
5714083
5714177
5732533
5732534
5732537
5732538
5732541
5732542
5732545
5732546
5732549
5732550
5732616
5732620
5732624
5732628
5732682
5732686
5732690
5732732
5732736
5732766
5736158
5739275
5740912
5744105
5744106
5744109
5744110
5744113
5744114
5744117
5744118
5744122
5744450
5745310
5747226
5747227
5747230
5747231
5747234
5747235
5747239
5747906
5748868
5748872
5748876
5749596
5749597
5749829
5749830
5761691
5761695
5761699
5761703
5761757
5761761
5761765
5761807
5761811
5761841
5767680
5767681
5767684
5767685
5767688
5767689
5767692
5767693
5769322
5769325
5769326
5769329
5769330
5770050
5770051
5770283
5770284
5775854
5775858
5775862
5775904
5775908
5775938
5778558
5778562
5778566
5778890
5779283
5779287
5779520
5781727
5781731
5781761
5782713
5782717
5782950
5783630
5783874
5784354
5784358
5784362
5784366
5784420
5784424
5784428
5784470
5784474
5784504
5784795
5784799
5784803
5784845
5784849
5784879
5785074
5785078
5785108
5785227
5791850
5791853
5791856
5791859
5792487
5792490
5792493
5792773
5792776
5792870
5793609
5805620
5805624
5805628
5805632
5805686
5805694
5805736
5805740
5805770
5807709
5811609
5811610
5811614
5811617
5811618
5811621
5811622
5812289
5813250
5813254
5813255
5813258
5813259
5813583
5813979
5813980
5814212
5814213
5819783
5819787
5819791
5819833
5819837
5819867
5822487
5822495
5823212
5823216
5823449
5825656
5825660
5826642
5826646
5826879
5827559
5827803
5828194
5828198
5828202
5828244
5828248
5828278
5828473
5828477
5828507
5828626
5837373
5837377
5837381
5837423
5837427
5837457
5840077
5840081
5840085
5840802
5840806
5841039
5843246
5843250
5843280
5844232
5844236
5844469
5845149
5845393
5845710
5845714
5845863
5849004
5849008
5849038
5849990
5849994
5850227
5850907
5851151
5851409
5852287
5852531
5853771
5853775
5853779
5853783
5853837
5853841
5853845
5853887
5853891
5853921
5855625
5855629
5855633
5884741
5884745
5884749
5884753
5884807
5884811
5884815
5884857
5884861
5884891
5885182
5885186
5885190
5885232
5885236
5885266
5885461
5885465
5885495
5885614
5892237
5892240
5892243
5892246
5892548
5892877
5892880
5893163
5893257
5896362
5906007
5906011
5906015
5906019
5906073
5906077
5906081
5906123
5906127
5906157
5910462
5911996
5911997
5912000
5912001
5912005
5912008
5912009
5912676
5913637
5913638
5913641
5913642
5913645
5913646
5914363
5914367
5914599
5914600
5920170
5920174
5920178
5920220
5920224
5920254
5922874
5922878
5922882
5923206
5923599
5923603
5923836
5926043
5926047
5926077
5927033
5927266
5927946
5928190
5928581
5928585
5928589
5928631
5928635
5928665
5928860
5928864
5928894
5929013
5937760
5937764
5937768
5937810
5937814
5937844
5940464
5940468
5940472
5940796
5941189
5941193
5941426
5943633
5943637
5943667
5944619
5944623
5944856
5945536
5945780
5946097
5946101
5946131
5946250
5949391
5949395
5949425
5950377
5950381
5950614
5951294
5951538
5951796
5952674
5952918
5953883
5953887
5953891
5953933
5953937
5953967
5967690
5967694
5967698
5967740
5967744
5967774
5967969
5967973
5968003
5968122
5972020
5976869
5976873
5976877
5976919
5976923
5976953
5979573
5979577
5979581
5979905
5980298
5980302
5980535
5983728
5983732
5983965
5984645
5984889
5985206
5985210
5985240
5985359
5988500
5988504
5988534
5989486
5989490
5989723
5990403
5990647
5990905
5991783
5992027
5998033
5998037
5998067
5998186
6001327
6001331
6002313
6002317
6002550
6003230
6003474
6003732
6004610
6004854
